0.101 0.051 -0.578 0.096 -0.272 1.294 0.978 0.81
-0.489 1.43 -0.878 -0.94 -0.624 -1.215 -0.459 -0.964
0.18 -0.187 -1.148 -0.725 -0.569 -0.504 -1.028 -0.711
-0.813 0.544 0.474 0.436 0.444 0.176 -0.254 0.356
0.503 -0.828 -1.163 -0.301 0.48 -0.179 -1.074 -0.57
-1.045 -1.094 0.021 0.083 -0.312 -0.632 -1.242 0.898
0.436 -2.754 -1.37 1.415 0.625 -2.35 -1.634 -2.363
0.298 0.07 0.45 -1.338 -2.855 -1.949 -1.164 -0.789
-0.607 -1.21 -0.435 0.587 1.616 -0.424 -1.054 -2.484
-1.878 0.865 1.795 0.492 3.477 3.938 1.619 -3.789
-4.404 -3.087 -2.214 -1.884 -1.501 -2.54 -0.879 1.124
1 -1.64 -3.036 -1.868 -1.735 -1.423 1.736 3.211
-3.81 -2.44 3.494 3.853 1.52 2.159 2.708 5.307
3.242 1.928 1.168 -0.01 0.465 -1.37 0.122 -1.7
-4.88 1.048 1.754 -1.912 -6.531 -1.385 3.278 2.431
-1.204 -1.8 -1.284 5.429 9.382 -0.71 -0.46 5.754
1.785 -2.762 -2.445 4.601 3.606 -0.101 2.979 3.031
0.263 -0.497 -1.602 -3.524 0.87 -0.781 -3.981 4.253
9.42 -1.593 -10.688 0.909 4.98 4.171 3.178 0.24
0.66 0.494 0.573 -3.441 -2.419 -1.465 -2.398 2.559
1.591 -1.067 -4.316 -1.916 6.862 0.5 -5.045 -1.377
2.196 2.957 -1.872 -2.114 5.757 4.058 1.181 -1.59
0.746 1.482 2.287 -0.52 5.362 9.294 3.365 -2.587
-4.138 -2.683 -2.24 1.478 0.204 1.06 0.26 -8.217
-5.064 5.499 3.48 1.074 7.58 9.776 -3.216 -6.945
-2.891 0.4 1.771 0.441 -9.108 -3.454 4.491 3.851
-0.3 -5.918 -9.974 1.767 3.841 1.842 0.354 7.111
5.922 -2.059 0.733 1.616 0.979 -0.538 3 -1.011
0.793 5.874 2.031 2.888 -5.307 -5.278 -1.976 -5.586
-1.438 -2.204 -3.079 -0.884 -0.57 -2.577 0.005 -2.005
-12.013 -4.073 15.252 3.654 -6.629 -1.947 6.015 -1.868
-7.755 -10.875 -3.887 14.94 25.084 0.007 -23.854 -17.157
8.489 11.138 5.732 -10.093 -8.694 15.746 23.3 16.385
-17.306 -24.536 10.079 22.783 10.027 -17.772 -11.178 8.479
11.476 -15.638 -22.208 -1.896 15.163 18.318 -12.172 -26.225
-18.9 10.295 37.698 11.914 -13.015 14.988 44.646 23.952
-19.88 -28.832 -37.761 -5.975 32.34 4.849 21.768 30.028
-20.533 -35.296 -26.339 -26.587 -11.915 -20.332 -40.91 8.036
62.69 53.544 22.476 12.849 42.049 -6.519 -72.914 -69.819
-23.562 -13.11 9.73 35.377 -27.73 -45.426 -9.106 45.196
7.875 21.393 59.34 58.07 19.901 -36.817 -32.889 -42.566
-22.105 -9.054 -67.668 -72.272 -5.833 55.586 44.538 41.886
33.841 4.678 -13.051 -48.323 -71.042 1.733 47.416 30.696
19.775 -29.943 -7.575 54.476 45.468 19.653 30.001 36.859
-6.073 -24.089 -9.429 -50.875 -38.696 4.309 2.458 -33.54
-47.978 -32.54 -0.608 14.032 28.689 6.625 1.434 -16.505
-22.558 -31.864 -48.454 -15.806 30.231 32.546 25.614 -55.159
-77.617 -23.24 -48.982 -41.615 10.619 11.638 26.756 6.66
-25.859 -23.478 -27.956 -58.887 -19.289 5.175 0.434 34.904
73.692 13.052 -27.08 -61.168 -24.129 52.92 6.497 -20.481
38.695 5.064 18.847 21.452 -42.525 5.832 53.853 23.561
1.091 -13.402 -43.519 -13.247 21.392 11.481 -21.536 -15.22
46.447 72.661 38.874 11.903 -19.038 -17.31 0.843 -11.908
-17.052 -16.179 7.876 67.847 80.972 49.365 12.325 -19.2
-12.422 -8.873 -37.147 -59.108 -51.105 -14.231 -7.224 -31.024
-13.993 28.913 62.376 60.05 71.398 32.622 -37.887 -59.569
-54.001 -25.918 -24.886 -39.16 -50.496 -38.012 -26.153 -11.664
17.738 56.979 59.934 -32.988 -80.65 -70.152 -19.913 30.952
31.247 -31.012 -63.907 -27.275 8.269 46.988 34.124 41.198
26.934 11.111 9.336 -38.692 -39.218 0.784 -34.697 -37.612
15.833 -9.765 -56.97 8.379 9.251 -15.664 -32.589 1.32
42.471 -5.891 -0.2 8.276 -16.219 -25.493 -17.084 -9.244
15.573 19.902 -0.916 4.007 58.975 77.495 95.392 87.631
54.254 -13.42 -46.04 12.925 48.868 53.031 19.902 -21.568
-53.19 -76.99 -40.832 32.617 49.124 30.203 2.781 -16.488
7.495 30.289 16.283 18.897 29.714 69.707 78.701 57.747
13.166 36.693 53.711 -8.424 -42.04 -21.211 25.994 46.196
24.005 -17.648 -18.026 41.378 66.502 37.966 4.14 25.097
41.354 -22.698 -118.357 -121.059 -50.194 -8.215 21.141 37.233
2.632 -12.491 -3.723 -11.495 7.4 7.358 -28.212 -1.51
15.308 -1.397 0.128 -13.791 -16.387 -45.84 -78.986 -41.553
35.337 71 58.622 35.401 19.764 -36.46 -68.72 -40.257
11.839 51.641 45.965 -2.588 -48.577 -23.269 22.068 19.265
-15.418 -15.192 -22.239 6.075 46.804 29.368 -31.037 -17.855
14.354 11.787 -36.933 -51.757 -7.832 44.161 49.614 -14.846
-5.073 25.062 -14.42 -19.947 -23.192 3.498 14.636 -13.56
-7.452 2.781 -25.255 -37.151 -40.595 -61.317 -15.597 48.642
35.673 -8.048 -6.978 8.304 -18.921 -24.533 -22.53 -23.7
9.25 28.315 36.41 17.711 -30.238 -35.74 -21.646 20.77
24.1 19.719 7.701 -33.017 -50.102 -39.863 -27.82 -5.639
26.259 32.753 -5.753 -35.649 -24.556 1.96 16.772 13.477
11.488 12.312 20.582 24.272 8.962 -2.018 0.471 -11.901
-7.098 11.596 7.102 -4.878 -10.384 -1.665 4.86 -37.418
-60.765 -54.245 -36.654 -0.916 22.035 -8.241 -28.071 4.8
14.174 2.669 -4.309 3.626 27.515 26.639 23.085 22.431
10.206 3.754 2.632 -0.166 -1.433 -25.444 -41.138 -4.873
44.515 40.966 7.914 -12.738 -9.427 -11.02 -20.836 -26.963
-7.664 16.703 17.526 -8.66 -29.4 -16.2 -0.01 5.8
9.019 12.857 -5.936 -17.375 1.441 17.05 31.259 23.12
8.248 23.171 33.939 30.047 18.841 -12.67 -1.6 26.245
32.782 24.662 4.088 -11.061 3.554 26.112 30.12 18.197
8.804 10.5 14.02 -17.804 -53.859 -51.792 2.108 51.914
34.832 -18.339 -33.447 -21.178 -11.705 4.198 -12.129 -33.095
-6.372 16.875 4.424 -14.8 -19.278 -6.156 18.018 23.298
21.402 21.508 3.983 -5.502 -4.965 -3.864 13.34 21.982
14.975 8.213 17.188 30.686 36.592 38.956 20.649 5.062
11.123 24.081 22.402 6.762 -5.44 -16.698 -11.956 14.816
21.426 -2.142 -20.282 -18.873 -9.995 -5.621 -31.229 -41.424
-14.365 4.628 4.039 11.35 17.116 23.509 22.692 0.309
-9.974 13.214 30.381 25.968 -8.995 -42.734 -40.448 -35.86
-36.124 -37.076 -33.765 -24.913 -16.53 -17.292 -17.214 -16
-6.412 2.855 4.77 12.399 26.815 32.673 18.751 9.075
3.857 -2.436 -6.505 -12.878 -10.068 -0.445 5.096 3.347
3.214 3.724 4.347 2.351 -7.869 -22.389 -26.016 -27.25
-18.416 -13.61 -11.482 -1.744 4.261 10.466 18.829 26.335
34.033 37.034 30.625 19.619 10.319 6.038 -4.481 -23.235
-43.996 -36.551 -16.563 5.91 0.687 -17.449 -26.456 -20.3
-11.212 -10.565 -30.654 -37.394 -13.178 8.688 12.137 5.192
-3.852 -2.23 11.56 17.361 10.726 8.628 7.835 5.128
3.403 5.573 6.263 3.428 -1.057 -3.114 -11.675 -21.852
-25.574 -22.736 -16.558 -3.93 6.245 6.913 9.266 9.323
9.141 6.171 4.934 8.889 9.711 6.298 -1.54 -10.438
-9.769 -5.304 -2.354 -0.095 4.139 3.876 14.615 22.323
2.643 -11.655 -3.733 5.477 9.26 -0.031 -15.935 -20.62
-2.608 14.314 16.055 8.354 1.427 7.942 19.716 20.467
13.098 9.55 16.048 19.551 13.97 1.357 -6.511 2.049
16.699 21.112 18.376 15.22 12.957 11.473 11.219 7.096
1.91 -0.363 -1.966 -6.684 -6.643 -9.792 -12.263 -13.164
-12.332 -13.314 -14.728 -14.87 -13.794 -12.899 -9.749 -8.325
-11.533 -10.498 -0.61 -3.29 -8.925 -9.865 -11.586 -4.941
3.463 1.639 -10.096 -16.349 -14.185 -12.737 -16.74 -19.849
-12.533 -2.732 9.058 16.022 14.833 8.525 2.616 -2.352
5.84 18.834 14.186 0.192 -3.278 -2.859 4.454 14.434
14.694 8.856 4.315 2.004 -6.438 -7.386 -8.981 -11.01
-5.574 -0.498 -2.903 -7.396 -11.6 -14.651 -18.094 -13.584
-3.441 5.852 7.81 5.233 -3.014 -14.259 -15.506 -16.051
-18.534 -16.175 -6.156 0.264 4.541 4.26 0.215 -1.247
-1.184 7.752 18.412 22.404 21.222 19.629 17.44 10.058
3.317 -1.968 0.52 10.329 12.446 15.525 15.767 7.187
-4.51 -9.163 -8.875 -5.245 0.369 8.31 12.897 12.413
4.036 -3.863 -9.266 -20.931 -28.769 -27.43 -20.915 -13.022
-8.855 -4.116 1.546 4.715 2.318 -1.278 0.06 -1.676
-3.542 -3.967 -3.446 -4.112 -4.184 -5.851 -7.927 -6.935
-6.412 -4.252 2.769 4.414 1.523 0.526 9.379 17.062
15.049 9.804 7.488 5.954 7.228 8.17 3.915 -4.438
-11.455 -15.507 -16.046 -11.8 -6.291 2.148 9.34 12.326
10.232 3.593 -1.604 2.963 8.208 6.428 2.988 -2.402
-5.465 -6.999 -10.154 -12.566 -14.39 -12.542 -7.977 -6.216
-5.19 -3.416 -1.878 -0.407 5.764 13.495 16.969 15.2
12.6 11.577 15.652 17.336 8.632 -5.382 -6.507 -2.457
2.372 4.666 3.463 2.698 2.923 0.601 -0.959 -3.038
-4.681 -1.127 4.893 11.073 14.293 13.312 8.785 9.336
11.411 17.23 19.107 14.204 9.899 8.345 5.17 3.075
5.038 6.834 9.825 15.57 18.655 15.89 6.433 0.689
1.943 0.521 -4.974 -9.496 -8.437 -6.973 -7.621 -8.202
-7.308 -9.102 -9.073 -9.872 -13.21 -16.359 -12.589 -3.815
4.401 2.185 -8.169 -14.921 -7.85 1.585 4.409 2.116
6.603 15.187 24.251 20.329 12.664 13.277 17.557 15.655
8.058 -0.16 -3.25 -4.097 -1.427 4.435 5.369 1.349
-0.196 -0.382 -0.356 -0.961 -3.994 -6.446 -4.583 -1.288
1.604 3.405 2.112 -0.37 0.562 -0.417 -4.868 -8.807
-11.816 -8.541 -7.134 -10.177 -11.835 -7.34 -1.814 2.241
1.495 -0.717 -0.839 2.476 3.643 0.913 -4.34 -4.077
0.287 6.991 11.532 9.941 7.403 6.551 3.592 -1.553
-4.341 -5.596 -7.016 -7.906 -4.199 -1.911 -3.454 -7.209
-7.608 -5.799 -0.684 -1.895 -0.957 3.165 9.496 10.942
8.106 4.707 4.532 7.48 8.799 7.553 5.087 1.36
-2.459 -9.163 -13.986 -11.666 -7.798 -8.326 -11.04 -11.559
-5.98 0.55 4.889 9.904 15.612 16.001 13.573 8.052
3.664 3.188 6.541 10.297 10.678 8.35 3.826 -1.945
-3.146 3.904 11.351 12.244 11.898 11.656 12.484 9.097
1.375 -3.502 -3.426 -1.032 4.467 5.846 2.229 -1.091
-2.078 -2.488 -3.944 -6.603 -7.756 -4.978 -2.034 -2.162
-1.259 -2.465 -1.23 -1.58 -2.345 -0.362 -0.212 -4.484
-5.65 -4.616 -2.884 -0.91 0.076 -3.046 -8.205 -10.98
-13.456 -14.681 -16.054 -18.222 -19.176 -16.13 -12.556 -11.271
-11.265 -12.79 -12.565 -11.675 -10.077 -10.924 -10.895 -12.012
-10.482 -8.408 -7.558 -9.332 -12.241 -15.741 -19.304 -21.594
-23.108 -24.052 -23.32 -20.998 -18.973 -14.514 -5.969 3.157
10.383 13.394 15.327 14.321 13.616 13.319 14.506 14.44
11.759 6.048 2.287 -0.896 -1.835 -3.697 -0.347 1.048
1.481 0.646 0.308 1.323 2.749 4.179 4.129 4.618
6.642 4.743 2.415 0.611 1.403 2.983 3.509 3.667
2.758 -1.091 -4.72 -4.276 -5.553 -7.596 -14.415 -18.259
-16.188 -11.65 -8.474 -6.661 -5.31 -4.076 -2.781 0.023
1.258 2.383 4.033 6.375 9.295 11.569 11.357 9.565
5.868 3.063 2.382 5.252 6.992 9.627 8.163 6.794
5.995 4.087 3.446 2.721 1.989 2.437 -0.202 -2.714
-1.265 2.445 7.468 10.433 10.366 10.117 10.244 9.252
4.401 -2.14 -5.075 -7.065 -7.538 -6.756 -6.255 -4.537
-2.481 -1.238 -1.081 0.832 4.388 7.783 8.443 8.264
9.15 8.291 5.806 4.165 3.553 0.934 -1.891 -3.478
-2.207 -0.39 0.857 0.948 1.19 0.498 -1.296 -3.733
-3.97 -2.959 1.141 2.236 1.443 -0.647 -1.172 1.126
3.038 3.95 4.709 5.964 4.804 0.653 -3.377 -3.522
-2.847 -1.599 -2.629 -0.9 -2.14 -2.989 -3.087 -3.298
-1.627 0.966 1.325 1.24 -0.444 -1.915 -1.065 -0.512
-0.877 -1.593 -2.322 -3.406 -4.015 -1.734 -4.321 -4.877
-3.95 -1.516 0.674 -0.271 -1.953 -1.158 1.858 4.5
7.509 10.791 15.944 21.674 21.934 21.082 20.451 23.385
26.173 26.605 25.247 25.778 24.353 20.207 15.492 12.746
11.057 9.681 8.004 5.365 5.397 7.353 7.123 5.798
1.606 -0.143 -0.027 0.115 -1.513 -2.078 -0.64 -0.32
1.404 0.256 0.456 -0.016 -1.938 -2.874 -4.786 -4.042
-4.107 -4.36 -5.992 -7.06 -5.955 -5.265 -6.121 -8.711
-11.202 -11.257 -9.711 -9.187 -8.474 -7.02 -4.976 -1.656
-0.552 -1.475 -2.555 -3.213 -3.01 -3.821 -5.973 -8.233
-10.208 -12.294 -13.657 -17.07 -18.813 -17.976 -16.994 -16.159
-14.822 -13.064 -12.231 -12.922 -12.396 -10.677 -6.671 -3.099
-2.079 -2.602 -0.292 2.067 1.871 1.452 1.742 0.668
-1.015 -0.591 0.765 2.979 7.92 10.71 12.407 13.995
13.245 14.685 15.726 14.623 12.532 11.944 11.227 9.302
8.329 8.747 8.329 4.156 -0.904 -4.255 -5.897 -8.063
-9.033 -9.691 -10.744 -10.318 -10.183 -11.037 -12.267 -12.042
-11.215 -11.21 -7.218 -5.643 -4.933 -3.555 -2.523 -2.402
-3.595 -3.917 -2.296 -1.843 -1.307 0.447 1.083 0.015
0.856 0.667 -1.803 -2.102 -0.934 -0.407 0.683 -1.302
-2.708 -3.413 -2.773 -5.547 -10.191 -11.312 -10.37 -8.8
-9.053 -8.653 -7.994 -9.294 -9.066 -9.127 -11.785 -11.181
-8.475 -4.987 -3.996 -3.756 -3.375 -3.217 -3.153 -1.857
1.725 4.067 3.815 1.822 0.523 1.607 3.31 6.059
7.125 6.4 6.176 6.707 6.728 7.826 8.568 6.306
4.956 5.587 7.572 8.751 7.647 6.823 7.5 8.973
7.687 6.953 10.32 10.705 9.94 7.995 5.292 5.391
5.747 4.895 3.998 2.932 1.685 2.806 1.54 1.121
0.883 1.051 -0.573 -3.624 -4.85 -5.222 -3.613 -0.125
1.663 1.65 4.048 6.91 9.039 9.255 8.735 7.856
7.782 8.647 7.038 6.119 4.225 4.666 4.461 3.054
1.713 -1.142 -4.839 -7.035 -6.333 -6.311 -7.746 -8.755
-7.667 -5.298 -3.035 -3.64 -5.147 -5.367 -4.232 -2.603
-0.589 -0.589 -1.048 0.569 -0.363 0.67 0.27 -0.846
0.387 2.994 1.804 -0.635 -2.055 -4.139 -3.52 -3.12
-2.73 -3.187 -4.158 -3.513 -1.225 -0.666 0.643 -1.589
-2.994 -2.567 -2.737 -2.258 -1.218 -1.31 -4.375 -4.157
-2.564 -3.092 -0.945 -1.134 -0.145 -1.458 -1.766 -1.191
-1.121 -0.475 0.495 0.085 -0.701 0.764 2.204 3.29
5.068 6.637 7.066 6.021 4.648 2.963 0.63 -0.928
-0.409 -0.409 0.543 -1.362 -2.409 -2.307 -3.75 -7.085
-7.899 -7.585 -7.623 -8.191 -8.705 -6.659 -3.235 -2.771
-2.925 -6.044 -7.285 -6.758 -6.17 -4.481 -3.128 -2.058
-1.633 -2.634 -4.745 -6.068 -6.369 -7.08 -8.187 -8.449
-6.307 -4.141 -4.526 -5.329 -5.162 -3.711 -1.761 0.033
2.65 3.476 1.807 0.016 -2.362 -4.318 -4.896 -4.084
-3.384 -2.994 -3.478 -6.704 -9.144 -9.322 -10.409 -10.775
-9.64 -8.488 -8.142 -8.477 -8.709 -8.292 -6.757 -3.885
-1.714 -0.532 -0.353 0.406 0.506 -0.509 -0.291 0.608
0.799 -0.64 0.634 1.939 1.621 0.379 -0.852 -0.517
-0.243 1.733 3.71 6.852 7.482 9.455 10.732 10.721
11.448 13.355 14.122 13.597 13.882 14.462 15.08 15.061
15.242 15.815 13.392 10.003 10.527 11.609 11.024 9.639
6.617 5.834 4.954 3.734 3.463 2.733 3.09 2.719
1.8 2.129 1.906 0.43 -3.233 -3.959 -5.335 -5.98
-5.269 -3.772 -1.07 0.702 1.699 3.903 4.348 3.961
3.748 5.352 5.456 5.579 4.567 2.173 1.713 3.353
2.893 1.497 1.02 0.129 0.666 -0.545 -1.218 0
0 0 0 0 0 0 0 0
0 0 0 0 0 0 0 0
0 0 0 0 0 0 0 0
0 0 0 0 0 0 0 0
0 0 0 0 0 0 0 0
0 0 0 0 0 0 0 0
0 0 0 0 0 0 0 0
0 0 0 0 0 0 0 0
0 0 0 0 0 0 0 0
0 0 0 0 0 0 0 0
0 0 0 0 0 0 0 0
0 0 0 0 0 0 0 0
0 0 0 0 0 0 0 0
0 0 0 0 0 0 0 0
0 0 0 0 0 0 0 0
0 0 0 0 0 0 0 0
0 0 0 0 0 0 0 0
0 0 0 0 0 0 0 0
0 0 0 0 0 0 0 0
0 0 0 0 0 0 0 0
0 0 0 0 0 0 0 0
0 0 0 0 0 0 0 0
0 0 0 0 0 0 0 0
0 0 0 0 0 0 0 0
0 0 0 0 0 0 0 0
0 0 0 0 0 0 0 0
0 0 0 0 0 0 0 0
0 0 0 0 0 0 0 0
0 0 0 0 0 0 0 0
0 0 0 0 0 0 0 0
0 0 0 0 0 0 0 0
0 0 0 0 0 0 0 0
0 0 0 0 0 0 0 0
0 0 0 0 0 0 0 0
0 0 0 0 0 0 0 0
0 0 0 0 0 0 0 0
0 0 0 0 0 0 0 0
0 0 0 0 0 0 0 0
0 0 0 0 0 0 0 0
0 0 0 0 0 0 0 0
0 0 0 0 0 0 0 0
0 0 0 0 0 0 0 0
0 0 0 0 0 0 0 0
0 0 0 0 0 0 0 0
0 0 0 0 0 0 0 0
0 0 0 0 0 0 0 0
0 0 0 0 0 0 0 0
0 0 0 0 0 0 0 0
0 0 0 0 0 0 0 0
0 0 0 0 0 0 0 0
0 0 0 0 0 0 0 0
0 0 0 0 0 0 0 0
0 0 0 0 0 0 0 0
0 0 0 0 0 0 0 0
0 0 0 0 0 0 0 0
0 0 0 0 0 0 0 0
0 0 0 0 0 0 0 0
0 0 0 0 0 0 0 0
0 0 0 0 0 0 0 0
0 0 0 0 0 0 0 0
0 0 0 0 0 0 0 0
0 0 0 0 0 0 0 0
0 0 0 0 0 0 0 0
0 0 0 0 0 0 0 0
0 0 0 0 0 0 0 0
