2.705 3.091 3.174 2.118 1.34 3.564 2.234 0.319
1.226 0.44 -0.303 0.651 0.742 0.458 0.54 0.129
-0.595 -1.309 -0.358 0.359 1.809 2.186 -1.453 -0.575
-0.699 -1.302 1.339 -1.787 0.465 -0.787 0.552 0.323
-1.168 0.974 -0.286 -2.535 -1.693 -0.837 0.472 -0.127
-0.92 0.321 0.942 -0.348 -3.249 -1.818 1.65 -1.267
-2.965 2.931 5.929 -0.284 -4.472 -0.392 -1.52 -6.129
0.793 1.765 1.068 1.381 -1.595 -2.729 -5.118 0.083
-0.722 -3.074 1.538 2.642 7.046 4.383 -2.647 -7.717
-4.299 4.974 4.706 -0.227 0.294 -1.255 -2.13 -2.7
-5.288 -3.004 -3.18 3.167 1.215 2.577 2.953 -0.434
-2.686 -4.247 -4.162 -3.493 2.344 5.574 8.102 2.65
-8.151 -0.888 8.319 3.119 -6.768 -1.139 -0.174 -0.545
0.744 -2.011 1.934 -2.925 2.548 3.944 0.917 -6.44
-9.095 0.777 5.853 1.61 -1.582 1.635 0.402 4.102
-3.667 3.681 4.566 -4.906 -2.272 0.18 0.823 -6.111
-13.496 -8.56 -0.765 3.003 8.054 10.613 5.852 -3.497
-3.155 4.679 7.447 5.906 -10.351 -8.302 3.819 6.417
7.017 3.338 2.367 -9.968 -6.588 7.981 8.473 -2.607
-16.935 -12.456 0.142 3.216 2.512 3.776 -6.97 -15.327
-2.114 31.963 25.75 0.295 -16.223 -7.229 8.993 13.589
9.808 5.499 8.059 4.58 1.219 2.106 -5.719 -1.147
-1.558 -5.798 -5.104 -3.084 9.153 7.939 1.061 -21.529
-30.744 -7.115 23.409 29.09 18.802 8.307 -3.192 -4.953
0.218 9.026 3.12 -0.296 6.231 8.5 8.115 0.189
-6.225 -6.475 -13.712 -9.32 2.435 3.551 2.677 -3.55
-2.957 5.679 7.83 5.933 12.248 16.497 2.221 -4.37
-0.379 6.204 3.568 -5.32 -4.014 0.48 2.735 2.006
7.632 17.607 15.113 -7.143 -18.983 -11.531 0.357 8.421
12.635 19.773 4.488 3.687 11.369 0.351 -0.041 -7.852
-4.297 9.025 12.574 7.046 -2.303 -12.501 -6.657 2.773
2.154 -1.347 0.031 3.032 9.849 19.584 17.192 2.875
-14.523 -10.689 -0.498 0.517 11.192 16.716 1.319 -17.848
-25.545 -11.384 20.521 23.841 7.15 -4.76 4.202 -3.376
-5.52 4.273 -6.252 -23.417 -23.138 1.678 23.948 30.319
33.561 17.657 18.933 30.586 28.049 21.744 18.751 14.913
9.59 -9.516 -37.989 -44.123 -34.013 -46.522 -42.583 -1.578
8.162 -15.307 -11.035 -11.167 -28.817 -37.772 4.734 46.67
59.057 60.325 45.163 28.779 58.438 70.833 46.138 23.173
-12.162 -46.557 -41.597 -68.245 -94.374 -56.288 16.714 22.197
-27.618 -53.529 -38.323 2.978 89.278 146.803 118.627 73.344
8.967 -45.101 -58.377 -48.589 -68.634 -95.866 -64.421 -43.03
-27.552 -8.408 24.851 53.705 67.689 75.731 73.877 75.732
49.19 13.991 22.372 15.685 -16.274 -10.404 24.498 41.421
24.837 3.509 -20.379 -53.071 -48.175 -34.96 -34.079 -77.913
-109.945 -133.628 -125.763 -84.854 -45.333 12.389 51.364 14.902
-21.593 -8.983 3.63 10.188 14.479 23.337 12.266 -31.186
-43.502 -11.023 3.662 -19.283 -84.975 -97.21 -66.827 -6.635
36.959 14.681 -26.95 -32.155 -8.803 24.862 36.979 35.233
20.847 -7.64 -57.757 -83.937 -56.517 6.533 -26.385 -72.398
-81.03 -78.447 -59.653 -13.696 52.029 63.652 15.82 -64.099
-91.144 -68.731 -49.838 -65.312 -61.997 -41.501 -20.936 22.123
52.284 39.613 -1.5 -54.167 -64.837 -50.602 -65.792 -79.292
-73.418 -17.625 67.01 113.835 101.667 24.829 -53.425 -57.545
-46.89 13.927 45.024 -12.183 -44.221 -20.167 -9.504 -54.933
-113.349 -97.045 -23.854 22.713 28.323 28.062 -6.099 -52.806
-74.964 -39.719 81.127 139.271 119.442 73.725 27.742 15.414
36.06 95.191 132.017 113.611 23.581 -85.207 -101.739 28.328
133.455 83.065 -42.761 -120.072 -110.37 -107.949 -64.219 16.539
100.579 127.247 59.475 -36.969 -18.319 106.959 183.123 183.548
89.046 -78.132 -66.681 26.747 54.3 82.284 97.592 11.636
-73.88 -77.196 -2.889 86.81 131.712 99.848 39.794 -7.047
-26.109 -29.397 5.509 102.665 150.412 49.724 -14.211 -15.65
-35.884 -39.241 18.226 78.242 137.927 169.931 151.169 82.769
-10.799 -77.029 -64.781 -43.644 -69.719 -99.773 -85.021 -51.023
-3.46 31.217 65.764 82.075 49.728 -29.646 -98.299 -155.55
-93.199 74.172 104.292 65.798 47.637 39.42 105.941 157.318
84.829 -76.927 -258.242 -263.665 -151.363 54.038 273.145 323.033
233.887 0.321 -200.511 -187.552 -71.648 -29.745 -96.321 -183.267
-213.313 -194.607 -113.091 17.432 102.42 121.551 89.333 64.619
-4.662 -100.831 -19.91 212.825 329.391 306.153 171.949 -99.739
-365.187 -359.722 -120.669 130.692 184.961 68.575 -101.567 -117.153
9.207 97.179 36.507 -43.057 -40.68 41.407 85.781 37.607
-29.919 -59.552 -79.061 -57.186 -24.153 -51.783 -35.296 54.756
114.287 88.857 37.261 -1.882 5.585 30.62 -16.658 -109.581
-121.854 -72.508 -3.84 39.88 23.249 -53.431 -146.829 -154.737
-94.853 -25.633 3.65 11.864 32.768 63.988 75.078 83.513
84.314 63.236 36.608 -5.164 -54.193 -77.965 -65.747 -28.256
4.149 6.826 -13.3 -22.049 -16.633 -45.939 -70.282 -57.279
-26.561 20.033 52.991 33.311 -42.293 -88.668 -87.764 -36.155
31.646 40.08 6.149 -7.686 19.792 40.228 26.256 -3.701
-20.05 -4.289 30.084 51.935 52.243 45.303 51.878 45.559
23.832 29.781 41.358 35.766 28.006 15.769 3.91 11.273
28.995 34.473 33.105 26.497 0.094 -29.393 -41.512 -36.693
-3.783 11.052 -18.115 -50.916 -43.2 -5.952 24.299 31.863
4.518 -30.862 -40.131 -14.491 25.822 50.395 25.456 -11.203
-28.742 -28.924 -11.331 31.818 72.734 65.412 38.602 15.144
-9.856 -2.877 18.97 18.786 -5.998 -48.148 -81.577 -79.318
-54.31 -42.315 -45.559 -48.095 -48.432 -48.37 -28.628 13.764
42.473 33.345 2.81 -27.813 -29.161 6.736 50.953 68.312
68.277 54.726 17.825 -10.459 -18.444 -21.483 -14.103 12.759
34.543 26.966 -3.356 -23.956 -27.594 -13.058 7.15 15.502
10.75 -0.261 -12.676 -6.919 8.159 14.517 19.096 24.268
21.147 5.673 -16.88 -37.842 -42.389 -17.183 8.653 3.33
-21.853 -51.633 -50.739 -25.725 -9.76 4.055 20.891 34.422
43.714 43.781 41.485 19.093 -11.826 -3.515 26.349 44.002
50.15 46.661 26.938 -0.035 -13.11 -15.329 -6.604 11.998
28.024 37.104 30.134 -11.624 -51.816 -55.924 -30.488 -10.234
-6.229 -13.493 -21.316 -29.521 -44.482 -48.024 -31.239 -2.078
15.267 22.046 26.99 22.929 10.545 -9.889 -33.653 -49.377
-47.157 -34.388 -8.793 16.452 8.614 -22.997 -46.19 -44.126
-23.628 -3.664 -2.147 -16.129 -30.8 -27.517 -17.021 -15.663
-7.043 3.266 2.985 1.748 5.598 7.426 -5.942 -33.852
-55.471 -60.243 -57.117 -37.969 -18.583 -12.409 -7.401 -9.766
-20.37 -24.322 -15.448 3.336 18.66 19.647 17.357 19.889
32.158 43.663 44.632 38.749 17.173 -9.161 -17.824 -3.84
14.749 20.541 8.198 -0.994 -0.055 2.504 3.194 -1.075
-10.665 -17.413 -21.471 -17.689 -3.251 6.612 6.641 2.057
4.469 9.963 11.407 15.629 23.326 30.83 31.876 24.207
18.568 18.82 24.063 21.282 3.644 -7.713 -5.437 0.492
18.543 28.757 32.154 29.915 12.229 -12.063 -31.748 -34.46
-23.802 -6.724 9.359 12.36 10.037 22.259 38.521 42.582
38.733 26.051 9.29 4.714 11.352 16.135 17.179 15.165
-2.516 -22.979 -26.726 -22.249 -19.677 -14.969 -5.625 11.375
32.785 40.955 28.957 11.266 -5.578 -29.895 -50.597 -57.774
-58.169 -51.47 -35.899 -25.077 -20.388 -10.48 3.65 14.149
16.118 9.808 5.625 3.38 8.224 14.591 18.538 17
8.769 -0.591 -3.27 2.141 3.452 4.528 7 2.252
-10.654 -22.255 -35.185 -49.02 -49.318 -33.925 -16.83 -2.829
6.092 10.971 4.223 -2.277 0.989 16.614 34.825 38.668
31.851 17.643 0.791 -15.999 -24.253 -15.693 5.616 22.267
30.334 35.393 43.016 42.704 30.778 7.602 -9.587 -16.594
-25.324 -37.272 -39.25 -36.202 -33.524 -26.007 -17.238 -9.869
-7.994 -10.712 -13.726 -11.16 -11.871 -21.946 -37.815 -41.173
-32.056 -22.57 -16.123 -11.351 -14.032 -19.873 -29.335 -39.188
-38.492 -31.318 -31.286 -30.76 -23.555 -12.56 -5.248 -2.368
0.467 -0.084 1.923 8.829 13.904 15.984 13.521 9.87
8.237 7.004 11.436 21.136 26.611 24.891 17.021 6.324
-2.762 -6.151 -6.911 -1.655 11.34 19.957 19.619 10.645
0.778 -2.79 1.01 13.264 23.147 28.518 27.277 22.387
14.305 6.737 -2.75 -8.978 -4.327 2.595 10.04 19.463
25.226 25.368 20.779 14.244 13.041 21.998 32.462 38.56
35.371 23.226 11.019 5.181 7.315 6.693 3.359 6.286
10.476 11.368 17.309 25.962 31.074 30.444 25.972 20.567
14.858 11.939 17.045 21.917 20.802 19.185 17.162 15.571
12.165 3.271 -4.537 -7.543 -5.161 2.782 11.709 10.186
0.721 -6.578 -8.826 -6.5 -0.816 5.162 10.675 11.548
10.959 7.962 1.044 -4.234 -1.515 5.33 10.74 15.562
18.228 15.008 10.943 7.715 4.432 5.977 14.926 22.18
25.143 21.897 10.677 -1.677 -10.095 -14.735 -13.941 -10.453
-10.265 -10.783 -6.82 -1.433 1.445 -2.514 -8.61 -10.736
-11.752 -14.165 -18.71 -26.304 -29.79 -26.918 -20.992 -16.64
-16.863 -17.325 -14.198 -5.927 0.498 4.728 13.104 22.018
24.624 19.63 9.746 4.12 4.264 4.858 4.359 2.157
3.555 8.971 6.675 -0.881 -7.186 -11.549 -12.102 -11.853
-8.569 -6.891 -8.817 -12.078 -12.22 -8.053 -8.446 -13.483
-15.84 -9.441 -1.528 4.397 9.433 15.447 19.564 15.936
10.205 9.498 17.171 25.566 32.021 33.61 29.476 20.338
10.876 3.333 -6.187 -14.677 -23.885 -29.851 -30.222 -26.99
-22.803 -22.712 -23.197 -18.992 -8.938 6.072 18.293 20.537
18.861 16.472 12.502 8.799 4.137 3.023 3.165 1.602
0.948 0.214 3.159 7.333 8.395 2.906 -5.092 -12.772
-20.585 -24.554 -23.544 -20.056 -19.341 -22.529 -24.07 -20.767
-15.097 -14.912 -21.96 -30.955 -33.554 -30.021 -22.777 -15.356
-11.38 -7.307 -8.316 -11.029 -11.45 -11.747 -11.759 -9.733
-6.08 -4.669 -4.911 -6.741 -8.492 -11.098 -13.59 -15.845
-19.943 -20.968 -17.222 -10.141 -2.351 3.577 7.684 15.094
25.014 33.024 35.206 31.786 26.416 20.185 12.732 5.055
0.23 -2.558 -3.222 1.053 5.517 10.227 14.075 14.377
10.134 5.076 -0.247 -5.015 -6.881 -5.694 -1.328 0.127
0.256 2.31 6.595 11.777 13.615 11.421 6.377 0.361
-3.64 -7.25 -12.777 -17.079 -20.464 -21.652 -22.458 -21.618
-21.205 -21.66 -20.348 -18.637 -16.665 -14.696 -13.972 -12.277
-9.82 -6.743 -3.897 -0.983 2.329 0.997 -0.214 1.669
4.06 4.042 3.047 2.926 1.375 -0.573 -1.794 -2.022
-3.298 -8.843 -14.782 -21.323 -25.849 -27.023 -25.754 -20.075
-11.733 -9.121 -7.383 -2.037 5.358 8.199 4.494 -0.061
-3.407 -4.496 -3.474 -4.852 -6.227 -5.602 -4.888 -3.03
-0.394 -0.262 -1.705 -0.551 3.529 6.506 8.367 10.018
10.406 11.356 9.625 5.66 1.363 -2.7 -5.735 -9.745
-9.982 -4.738 2.615 9.645 12.727 9.981 4.786 -0.341
-3.137 -3.903 -4.971 -3.548 0.003 3.942 6.209 9.271
12.182 12.218 12.98 13.693 16.823 19.31 18.724 16.733
14.612 15.106 15.826 17.04 18.033 18.115 18.78 17.025
14.615 13.377 13.736 12.58 12.69 11.994 11.148 10.95
10.459 8.077 5.033 2.03 -1.412 -4.762 -6.095 -6.239
-4.599 -3.55 -5.09 -7.219 -9.499 -11.866 -13.92 -14.168
-13.015 -9.796 -4.896 -0.17 4.862 9.014 13.958 19.02
25.363 28.9 30.946 29.511 26.963 23.549 20.738 15.69
10.433 8.812 6.773 3.511 0.061 -1.921 -1.824 0.507
0.724 0.083 -0.622 -1.826 -1.328 -0.923 -2.537 -2.849
-3.455 -1.847 -0.34 -0.717 -0.587 0.77 -2.605 -6.912
-10.607 -12.89 -13.429 -12.313 -9.53 -6.402 -5.775 -5.98
-5.719 -6.173 -6.342 -5.463 -1.858 4.195 7.549 8.828
7.477 4.503 2.446 1.282 0.596 -0.756 0.165 0.183
-1.181 -4.527 -7.905 -9.258 -8.845 -6.522 -5.431 -7.502
-8.384 -4.804 0.906 6.682 9.841 10.158 10.579 9.52
6.766 2.713 -2.929 -9.776 -13.92 -12.588 -9.497 -4.199
1.43 6.561 11.187 14.14 14.035 8.204 6.333 6.734
6.706 6.615 4.655 3.718 2.665 1.477 -1.186 -2.328
0.492 4.611 6.278 6.251 2.206 -0.776 -0.294 2.423
7.225 10.276 12.378 13.635 13.196 10.883 5.724 1.243
-2.129 -3.423 -3.279 -3.233 -3.371 -2.744 -1.475 -0.382
-0.718 -2.947 -4.557 -5.959 -7.066 -8.257 -6.172 -3.672
-1.177 -0.636 -2.915 -6.674 -8.997 -9.584 -10.438 -12.645
-13.25 -14.836 -17.512 -19.234 -18.518 -15.513 -12.383 -10.377
-9.627 -8.895 -6.795 -4.667 -1.648 2.445 3.552 2.499
1.723 2.847 6.029 8.98 9.76 7.511 6.099 4.414
0.429 -0.625 -0.759 -0.211 -0.745 -2.202 -5.184 -6.895
-3.978 0.109 3.169 6.129 6.999 8.416 10.51 12.741
13.807 15.189 14.155 14.137 12.396 9.529 6.813 3.397
-0.272 -4.687 -7.445 -7.587 -7.935 -8.485 -10.001 -12.575
-15.441 -16.993 -15.607 -11.092 -4.149 1.655 3.55 1.193
-3.342 -5.444 -3.383 -0.708 2.971 4.691 4.626 4.596
2.266 -1.368 -7.465 -10.206 -9.793 -9.427 -7.446 -6.316
-5.006 -3.764 -4.84 -7.193 -9.688 -10.593 -9.19 -7.802
-9.105 -9.503 -9.46 -9.226 -9.928 -10.266 -11.221 -12.614
-12.117 -8.415 -4.357 -1.644 0.421 1.616 1.278 0.165
-0.052 0.85 2.764 3.544 1.586 -1.405 -2.87 -3.299
-3.797 -4.446 -3.142 -2.75 0.174 3.968 5.709 3.659
1.957 1.294 2.197 4.44 5.038 4.159 3.944 2.506
0.111 -1.994 -1.712 -2.304 -0.796 0.24 -0.764 -3.364
-5.696 -5.839 -4.08 -4.028 -5.906 -7.74 -8.125 -7.827
-11.276 -14.554 -15.844 -16.213 -12.867 -8.869 -5.214 -1.242
-0.417 -0.609 -0.991 -1.076 1.513 5.105 7.62 9.56
9.314 8.926 8.564 6.446 3.699 0.777 -1.288 -0.886
1.868 3.336 4.448 3.892 3.032 3.443 3.676 4.114
5.62 6.079 7.222 8.802 7.848 7.459 7.458 6.68
5.922 6.253 7.145 8.505 8.973 8.189 8.232 6.508
4.638 6.299 8.956 10.354 9.072 7.196 5.423 2.899
2.785 4.302 5.456 6.118 6.695 6.114 5.298 4.505
3.01 1.434 -0.761 -2.001 -3.096 -0.845 1.785 2.183
1.308 -0.899 -1.598 -0.599 1.68 3.607 3.696 3.231
1.31 0.722 1.019 1.714 0.921 -0.847 -2.334 -1.75
-0.283 -0.418 -0.497 0.316 1.455 2.861 3.192 2.791
1.797 -0.9 -2.013 -0.003 1.954 3.17 3.287 4.067
5.934 5.237 4.847 5.284 6.12 5.067 4.347 3.032
1.563 0.432 0.437 -0.803 -1.368 -0.806 2.218 5.177
5.059 4.53 2.759 -0.309 -1.064 -1.398 -0.658 -0.98
-0.771 -1.363 -3.073 -3.198 -2.708 -1.162 2.774 4.394
2.842 2.806 1.9 -1.903 -5.631 -6.182 -5.308 -3.607
-1.53 -1.156 -0.161 2.077 3.939 6.354 8.658 11.355
10.788 9.839 8.796 8.164 7.685 7.941 7.635 5.447
3.042 1.951 1.87 0.984 1.45 2.408 4.011 5.875
6.85 5.712 4.434 4.559 4.05 4.004 5.038 5.674
6.973 7.346 7.056 8.547 7.361 7.397 7.517 6.397
4.014 2.343 2.259 3.289 3.609 3.492 2.102 0.55
1.191 2.846 4.318 5.121 4.719 2.738 0.354 1.186
2.259 3.365 2.45 -0.52 -4.153 -7.221 -8.246 -8.348
-8.658 -10.194 -11.513 -11.569 -10.217 -7.908 -4.72 -1.924
0.343 0.909 1.241 0.592 -1.04 -4.001 -5.256 -5.98
-5.811 -5.647 -4.484 -4.684 -6.824 -8.414 -9.224 -8.794
-8.828 -8.434 -7.286 -6.701 -5.979 -4.947 -4.346 -5.477
-5.682 -6.841 -5.859 -5.263 -5.645 -6.807 -8.258 -10.126
-10.964 -9.792 -7.928 -6.48 -4.523 -3.32 -4.752 -7.201
-7.482 -6.163 -4.492 -3.476 -2.086 -0.903 -0.367 -0.019
0.279 -0.696 0.488 2.492 3.173 4.679 5.499 4.978
2.884 0.15 -1.175 -2.899 -2.585 -0.468 1.172 2.181
0 0 0 0 0 0 0 0
0 0 0 0 0 0 0 0
0 0 0 0 0 0 0 0
0 0 0 0 0 0 0 0
0 0 0 0 0 0 0 0
0 0 0 0 0 0 0 0
0 0 0 0 0 0 0 0
0 0 0 0 0 0 0 0
0 0 0 0 0 0 0 0
0 0 0 0 0 0 0 0
0 0 0 0 0 0 0 0
0 0 0 0 0 0 0 0
0 0 0 0 0 0 0 0
0 0 0 0 0 0 0 0
0 0 0 0 0 0 0 0
0 0 0 0 0 0 0 0
0 0 0 0 0 0 0 0
0 0 0 0 0 0 0 0
0 0 0 0 0 0 0 0
0 0 0 0 0 0 0 0
0 0 0 0 0 0 0 0
0 0 0 0 0 0 0 0
0 0 0 0 0 0 0 0
0 0 0 0 0 0 0 0
0 0 0 0 0 0 0 0
0 0 0 0 0 0 0 0
0 0 0 0 0 0 0 0
0 0 0 0 0 0 0 0
0 0 0 0 0 0 0 0
0 0 0 0 0 0 0 0
0 0 0 0 0 0 0 0
0 0 0 0 0 0 0 0
0 0 0 0 0 0 0 0
0 0 0 0 0 0 0 0
0 0 0 0 0 0 0 0
0 0 0 0 0 0 0 0
0 0 0 0 0 0 0 0
0 0 0 0 0 0 0 0
0 0 0 0 0 0 0 0
0 0 0 0 0 0 0 0
0 0 0 0 0 0 0 0
0 0 0 0 0 0 0 0
0 0 0 0 0 0 0 0
0 0 0 0 0 0 0 0
0 0 0 0 0 0 0 0
0 0 0 0 0 0 0 0
0 0 0 0 0 0 0 0
0 0 0 0 0 0 0 0
0 0 0 0 0 0 0 0
0 0 0 0 0 0 0 0
0 0 0 0 0 0 0 0
0 0 0 0 0 0 0 0
0 0 0 0 0 0 0 0
0 0 0 0 0 0 0 0
0 0 0 0 0 0 0 0
0 0 0 0 0 0 0 0
0 0 0 0 0 0 0 0
0 0 0 0 0 0 0 0
0 0 0 0 0 0 0 0
0 0 0 0 0 0 0 0
0 0 0 0 0 0 0 0
0 0 0 0 0 0 0 0
